BW <- 70
VFC <- 0.2

