BW <- 0.3
VFC <- 0.09

