CONC <- 600

MW <- 104.2

PB <- 40.2
PF <- 50
PL <- 3.46
PR <- 3.46
PS <- 1.16

VMAXC <- 8.36
KM <- 0.4
KFC <- 0.5

